200
G12345678 12345678G  
102 83 456 516 986 586 285 73 
G12345786 12345678G  
113 404 106 497 292 894 839 769 
G12345867 12345678G  
680 343 455 821 795 632 36 61 
G12346587 12345678G  
201 441 595 283 559 447 61 503 
G12346758 12345678G  
897 369 137 447 993 87 666 831 
G12346875 12345678G  
979 565 12 512 546 666 8 185 
G12347568 12345678G  
341 425 407 566 420 695 757 178 
G12347685 12345678G  
30 633 450 831 250 935 6 521 
G12347856 12345678G  
93 52 724 623 664 322 155 201 
G12348576 12345678G  
836 801 897 217 526 612 716 961 
G12348657 12345678G  
412 770 258 662 323 238 576 887 
G12348765 12345678G  
138 924 263 83 804 784 272 747 
G12354687 12345678G  
578 657 365 53 207 421 551 234 
G12354768 12345678G  
331 202 623 254 648 580 529 113 
G12354876 12345678G  
778 837 923 671 53 517 340 207 
G12356478 12345678G  
71 607 198 956 679 922 913 93 
G12356784 12345678G  
158 268 508 924 511 635 72 227 
G12356847 12345678G  
322 361 811 725 482 618 930 621 
G12357486 12345678G  
176 859 663 899 914 258 140 757 
G12357648 12345678G  
428 625 72 923 677 235 826 793 
G12357864 12345678G  
153 590 580 620 579 587 732 381 
G12358467 12345678G  
981 980 463 30 313 527 870 881 
G12358674 12345678G  
280 14 148 54 714 382 693 623 
G12358746 12345678G  
607 403 545 431 690 319 511 762 
G12364578 12345678G  
718 820 346 815 622 92 93 94 
G12364785 12345678G  
763 439 382 34 714 2 396 424 
G12364857 12345678G  
811 440 491 775 447 596 363 136 
G12365487 12345678G  
907 400 641 926 61 287 441 134 
G12365748 12345678G  
917 769 399 287 714 833 361 158 
G12365874 12345678G  
348 942 130 727 220 953 782 586 
G12367458 12345678G  
987 399 864 337 469 582 973 127 
G12367584 12345678G  
33 381 928 872 36 853 376 886 
G12367845 12345678G  
364 58 82 63 541 465 846 811 
G12368475 12345678G  
506 870 930 856 88 375 871 599 
G12368547 12345678G  
718 137 739 851 495 935 855 933 
G12368754 12345678G  
610 291 679 347 7 814 2 49 
G12374586 12345678G  
913 233 870 634 952 19 199 186 
G12374658 12345678G  
453 261 646 339 131 969 848 174 
G12374865 12345678G  
926 569 821 971 508 743 449 769 
G12375468 12345678G  
45 375 534 392 522 878 505 893 
G12375684 12345678G  
905 375 800 680 659 90 956 142 
G12375846 12345678G  
700 609 711 914 373 575 99 919 
G12376485 12345678G  
332 266 930 290 114 994 792 537 
G12376548 12345678G  
733 608 481 504 664 608 946 80 
G12376854 12345678G  
455 280 969 81 264 418 738 634 
G12378456 12345678G  
117 815 727 375 463 311 49 386 
G12378564 12345678G  
441 530 377 109 197 765 53 174 
G12378645 12345678G  
856 105 594 693 320 454 308 30 
G12384567 12345678G  
49 511 911 467 170 867 392 283 
G12384675 12345678G  
2 114 848 289 208 958 116 973 
G12384756 12345678G  
584 233 286 161 853 898 924 458 
G12385476 12345678G  
944 821 251 998 702 269 689 494 
G12385647 12345678G  
433 525 583 204 854 453 238 196 
G12385764 12345678G  
891 717 279 236 501 368 489 874 
G12386457 12345678G  
955 597 291 621 376 614 830 675 
G12386574 12345678G  
335 566 450 469 67 937 208 552 
G12386745 12345678G  
723 896 124 9 677 502 682 907 
G12387465 12345678G  
385 9 650 349 247 301 335 642 
G12387546 12345678G  
824 617 13 989 933 454 329 598 
G12387654 12345678G  
346 242 464 526 452 297 748 702 
G12435687 12345678G  
400 663 250 200 800 850 720 168 
G12435768 12345678G  
464 878 976 330 933 838 958 242 
G12435876 12345678G  
841 780 38 807 836 327 884 664 
G12436578 12345678G  
686 406 507 500 565 181 826 172 
G12436785 12345678G  
485 125 390 802 802 336 130 517 
G12436857 12345678G  
573 101 150 858 156 980 443 508 
G12437586 12345678G  
729 844 260 98 634 84 266 205 
G12437658 12345678G  
256 917 512 162 703 666 306 281 
G12437865 12345678G  
153 769 846 471 402 771 687 559 
G12438567 12345678G  
979 565 921 456 342 229 590 731 
G12438675 12345678G  
193 501 285 242 911 757 618 786 
G12438756 12345678G  
86 874 35 963 266 793 945 242 
G12453678 12345678G  
628 72 610 356 555 316 219 134 
G12453786 12345678G  
926 377 660 58 624 841 742 481 
G12453867 12345678G  
604 219 914 902 63 667 573 66 
G12456387 12345678G  
545 768 94 66 923 265 999 811 
G12456738 12345678G  
365 591 95 145 642 29 318 933 
G12456873 12345678G  
495 611 228 564 278 973 643 993 
G12457368 12345678G  
665 190 853 224 103 270 164 545 
G12457683 12345678G  
299 560 961 903 461 190 987 254 
G12457836 12345678G  
629 919 7 512 303 788 19 340 
G12458376 12345678G  
849 403 770 180 617 80 506 946 
G12458637 12345678G  
408 214 730 683 400 72 619 282 
G12458763 12345678G  
430 899 937 592 127 988 644 37 
G12463587 12345678G  
388 354 824 600 469 345 597 82 
G12463758 12345678G  
288 709 172 238 677 750 837 422 
G12463875 12345678G  
891 467 952 138 468 938 967 815 
G12465378 12345678G  
598 244 803 614 37 495 677 633 
G12465783 12345678G  
905 401 848 423 920 831 822 601 
G12465837 12345678G  
680 861 373 838 966 964 398 590 
G12467385 12345678G  
961 692 991 987 172 695 603 262 
G12467538 12345678G  
767 349 781 239 737 922 886 628 
G12467853 12345678G  
231 46 170 799 330 282 524 824 
G12468357 12345678G  
296 888 74 268 847 269 28 559 
G12468573 12345678G  
877 459 540 327 491 520 170 25 
G12468735 12345678G  
87 757 696 961 561 290 433 24 
G12473568 12345678G  
685 42 705 577 99 161 384 611 
G12473685 12345678G  
750 932 108 102 310 171 314 407 
G12473856 12345678G  
671 910 785 607 113 235 613 578 
G12475386 12345678G  
139 565 487 814 805 194 899 435 
G12475638 12345678G  
214 369 318 237 164 61 990 668 
G12475863 12345678G  
544 330 337 988 742 409 336 772 
G12476358 12345678G  
448 472 603 368 187 577 246 273 
G12476583 12345678G  
510 288 226 559 976 250 879 305 
G12476835 12345678G  
165 555 94 851 880 944 718 833 
G12478365 12345678G  
528 315 868 580 517 32 940 486 
G12478536 12345678G  
429 470 607 45 518 264 29 611 
G12478653 12345678G  
184 98 418 603 894 198 643 911 
G12483576 12345678G  
517 545 640 288 346 291 500 107 
G12483657 12345678G  
571 41 839 382 487 48 207 554 
G12483765 12345678G  
812 430 288 26 847 722 116 347 
G12485367 12345678G  
829 951 5 619 911 678 784 834 
G12485673 12345678G  
850 268 785 244 922 144 1000 47 
G12485736 12345678G  
155 188 465 297 770 164 913 993 
G12486375 12345678G  
597 834 480 869 321 448 688 34 
G12486537 12345678G  
593 483 906 404 88 457 828 868 
G12486753 12345678G  
674 395 633 363 346 884 31 435 
G12487356 12345678G  
699 352 899 517 714 430 57 615 
G12487563 12345678G  
696 710 824 503 731 51 513 449 
G12487635 12345678G  
151 499 528 798 365 421 807 401 
G12534678 12345678G  
949 513 470 578 288 916 179 770 
G12534786 12345678G  
289 429 57 176 413 915 450 543 
G12534867 12345678G  
868 470 426 448 885 227 234 592 
G12536487 12345678G  
802 658 72 344 398 259 100 94 
G12536748 12345678G  
313 412 19 343 970 852 480 871 
G12536874 12345678G  
605 364 468 926 53 306 208 152 
G12537468 12345678G  
601 24 355 522 360 32 420 10 
G12537684 12345678G  
174 370 348 240 958 162 590 49 
G12537846 12345678G  
44 727 523 830 982 371 157 236 
G12538476 12345678G  
407 596 523 302 352 676 96 106 
G12538647 12345678G  
614 643 918 246 947 216 141 154 
G12538764 12345678G  
659 757 538 14 665 921 658 769 
G12543687 12345678G  
407 504 277 57 486 351 452 302 
G12543768 12345678G  
137 683 893 804 103 633 109 719 
G12543876 12345678G  
29 359 915 696 340 659 265 233 
G12546378 12345678G  
564 725 533 992 661 545 427 82 
G12546783 12345678G  
612 565 595 583 242 96 750 285 
G12546837 12345678G  
362 367 708 411 72 243 265 901 
G12547386 12345678G  
900 122 662 976 918 20 850 245 
G12547638 12345678G  
355 846 937 357 47 374 676 364 
G12547863 12345678G  
171 221 731 751 529 399 6 384 
G12548367 12345678G  
961 467 337 614 827 957 405 382 
G12548673 12345678G  
872 995 965 627 611 773 789 719 
G12548736 12345678G  
132 620 643 603 849 579 104 377 
G12563478 12345678G  
25 311 202 730 371 79 625 523 
G12563784 12345678G  
265 294 689 995 681 761 491 973 
G12563847 12345678G  
835 922 275 669 934 847 773 555 
G12564387 12345678G  
182 874 885 177 885 866 490 800 
G12564738 12345678G  
119 155 589 200 781 231 274 449 
G12564873 12345678G  
72 912 245 381 134 430 210 587 
G12567348 12345678G  
18 843 620 351 355 511 556 310 
G12567483 12345678G  
121 597 686 630 701 110 312 206 
G12567834 12345678G  
62 750 865 331 997 691 14 969 
G12568374 12345678G  
287 172 98 84 349 157 8 513 
G12568437 12345678G  
507 250 928 615 466 546 520 535 
G12568743 12345678G  
594 966 300 821 503 189 561 617 
G12573486 12345678G  
537 683 306 640 944 765 697 510 
G12573648 12345678G  
880 610 673 803 438 509 208 838 
G12573864 12345678G  
690 459 905 729 641 297 756 361 
G12574368 12345678G  
676 178 87 322 138 157 601 566 
G12574683 12345678G  
217 904 154 775 874 571 25 448 
G12574836 12345678G  
274 960 163 732 754 47 629 169 
G12576384 12345678G  
951 111 912 386 232 108 805 130 
G12576438 12345678G  
741 899 282 192 655 617 929 190 
G12576843 12345678G  
206 67 60 223 530 730 604 384 
G12578346 12345678G  
573 870 942 927 190 89 674 671 
G12578463 12345678G  
246 942 445 849 687 948 78 268 
G12578634 12345678G  
670 539 687 457 272 923 302 175 
G12583467 12345678G  
319 459 18 346 308 841 112 51 
G12583674 12345678G  
290 879 378 514 756 922 832 63 
G12583746 12345678G  
717 236 339 783 173 292 299 543 
G12584376 12345678G  
507 454 251 321 55 605 580 833 
G12584637 12345678G  
513 293 534 658 797 917 459 484 
G12584763 12345678G  
749 996 737 737 560 886 844 523 
G12586347 12345678G  
820 643 687 764 882 642 12 870 
G12586473 12345678G  
791 240 514 558 245 191 952 650 
G12586734 12345678G  
572 580 303 384 491 603 340 159 
G12587364 12345678G  
930 83 959 885 526 155 62 174 
G12587436 12345678G  
308 464 16 489 439 512 270 517 
G12587643 12345678G  
284 799 20 613 901 539 496 15 
G12634587 12345678G  
989 536 959 367 51 595 966 535 
G12634758 12345678G  
65 176 485 983 451 966 563 334 
G12634875 12345678G  
80 828 185 717 525 610 33 780 
G12635478 12345678G  
259 107 81 713 990 92 488 837 
G12635784 12345678G  
161 413 945 821 182 295 249 394 
G12635847 12345678G  
281 554 90 339 413 978 451 870 
G12637485 12345678G  
245 188 858 941 62 592 936 518 
G12637548 12345678G  
723 956 185 795 152 997 714 556 
G12637854 12345678G  
569 639 110 881 273 976 778 389 
G12638457 12345678G  
424 992 545 674 240 638 797 997 
G12638574 12345678G  
450 40 171 151 177 124 195 443 
G12638745 12345678G  
608 57 695 497 81 436 426 259 
G12643578 12345678G  
944 596 548 940 36 711 783 270 
G12643785 12345678G  
919 888 209 194 888 608 44 770 
G12643857 12345678G  
938 295 845 297 284 719 541 232 
G12645387 12345678G  
713 388 526 575 563 207 159 397 
G12645738 12345678G  
5 489 814 338 354 583 954 178 
G12645873 12345678G  
18 791 713 396 545 237 229 562 
G12647358 12345678G  
38 281 634 892 634 484 320 78 
G12647583 12345678G  
339 547 173 898 740 244 814 935